5.0 0.149 0.0 0.0 0.0 0.0 0.0 0.0 0.0 0.0 0.0 0.0 0.0
5.05 0.158 0.0 0.0 0.0 0.0 0.0 0.0 0.0 0.0 0.0 0.0 0.0
5.1 0.167 0.0 0.0 0.0 0.0 0.0 0.0 0.0 0.0 0.0 0.0 0.0
5.15 0.177 0.0 0.0 0.0 0.0 0.0 0.0 0.0 0.0 0.0 0.0 0.0
5.2 0.187 0.0 0.0 0.0 0.0 0.0 0.0 0.0 0.0 0.0 0.0 0.0
5.25 0.199 0.0 0.0 0.0 0.0 0.0 0.0 0.0 0.0 0.0 0.0 0.0
5.3 0.21 0.0 0.0 0.0 0.0 0.0 0.0 0.0 0.0 0.0 0.0 0.0
5.35 0.223 0.0 0.0 0.0 0.0 0.0 0.0 0.0 0.0 0.0 0.0 0.0
5.4 0.236 0.0 0.0 0.0 0.0 0.0 0.0 0.0 0.0 0.0 0.0 0.0
5.45 0.25 0.0 0.0 0.0 0.0 0.0 0.0 0.0 0.0 0.0 0.0 0.0
5.5 0.265 0.0 0.0 0.0 0.0 0.0 0.0 0.0 0.0 0.0 0.0 0.0
5.55 0.28 0.0 0.0 0.0 0.0 0.0 0.0 0.0 0.0 0.0 0.0 0.0
5.6 0.297 0.0 0.0 0.0 0.0 0.0 0.0 0.0 0.0 0.0 0.0 0.0
5.65 0.315 0.0 0.0 0.0 0.0 0.0 0.0 0.0 0.0 0.0 0.0 0.0
5.7 0.333 0.0 0.0 0.0 0.0 0.0 0.0 0.0 0.0 0.0 0.0 0.0
5.75 0.353 0.0 0.0 0.0 0.0 0.0 0.0 0.0 0.0 0.0 0.0 0.0
5.8 0.374 0.0 0.0 0.0 0.0 0.0 0.0 0.0 0.0 0.0 0.0 0.0
5.85 0.396 0.008518 0.008306 0.00803 0.007682 0.007243 0.006681 0.005941 0.004943 0.003609 0.00196 0.0
5.9 0.42 0.017448 0.017023 0.016471 0.01577 0.014897 0.013782 0.012316 0.010321 0.007617 0.004185 0.0
5.95 0.445 0.02679 0.026148 0.025315 0.02427 0.022957 0.021294 0.01911 0.016127 0.012028 0.006695 0.0
6.0 0.471 0.036547 0.035689 0.034581 0.033179 0.031429 0.029217 0.026325 0.022372 0.016858 0.0095 0.0
6.05 0.499 0.046731 0.045651 0.044251 0.042496 0.040317 0.037559 0.033961 0.029039 0.022105 0.012629 0.0
6.1 0.528 0.057335 0.056032 0.054348 0.052235 0.049599 0.046305 0.042015 0.036139 0.027768 0.016078 0.0
6.15 0.56 0.068383 0.06685 0.064865 0.06238 0.059317 0.055452 0.050462 0.043658 0.033862 0.019874 0.0
6.2 0.593 0.079831 0.078075 0.07581 0.072968 0.06942 0.065022 0.059359 0.051583 0.040393 0.024036 0.0
6.25 0.628 0.091707 0.089722 0.087152 0.083939 0.079981 0.074982 0.068597 0.059931 0.047357 0.02855 0.0
6.3 0.665 0.103971 0.101777 0.098937 0.095345 0.090895 0.085393 0.078288 0.068706 0.054685 0.033472 0.0
6.35 0.704 0.116599 0.114194 0.111074 0.107147 0.102264 0.096156 0.088361 0.077831 0.062465 0.038775 0.0
6.4 0.746 0.129591 0.126996 0.123606 0.119322 0.114006 0.10736 0.098885 0.08742 0.070712 0.044454 0.0
6.45 0.79 0.142888 0.140122 0.136506 0.131908 0.126132 0.118954 0.109722 0.097344 0.079292 0.050565 0.0
6.5 0.837 0.15648 0.153562 0.149726 0.144827 0.138684 0.130904 0.12106 0.107781 0.088314 0.057098 0.0
6.55 0.887 0.170347 0.167305 0.163277 0.158098 0.151542 0.143293 0.13268 0.118457 0.097714 0.064049 0.0
6.6 0.939 0.184413 0.181278 0.177122 0.171714 0.164776 0.156007 0.144726 0.129648 0.107522 0.071337 0.0
6.65 0.995 0.198661 0.195448 0.191159 0.185574 0.178381 0.169097 0.157188 0.141153 0.117796 0.0791 0.0
6.7 1.054 0.213108 0.209842 0.205441 0.19967 0.192215 0.182581 0.169939 0.153014 0.128387 0.087333 0.0
6.75 1.117 0.251702 0.248047 0.243113 0.23657 0.22804 0.216983 0.202391 0.182771 0.154045 0.105996 0.0
6.8 1.183 0.290898 0.286931 0.281564 0.274389 0.26486 0.252377 0.236054 0.213531 0.180995 0.12585 0.0
6.85 1.253 0.330696 0.32643 0.320639 0.312906 0.302638 0.288836 0.270556 0.245518 0.208869 0.146882 0.0
6.9 1.327 0.370994 0.366513 0.360373 0.352149 0.341094 0.326322 0.306169 0.278776 0.238101 0.169139 0.0
6.95 1.406 0.41177 0.407101 0.400728 0.39202 0.380336 0.364526 0.342918 0.312865 0.268405 0.192786 0.0
7.0 1.489 0.452966 0.448153 0.44154 0.432515 0.420238 0.403531 0.380621 0.347977 0.299831 0.217376 0.0
7.05 1.577 0.486826 0.482001 0.475373 0.466284 0.453734 0.436452 0.412511 0.378384 0.327499 0.23952 0.0
7.1 1.671 0.520858 0.516038 0.509375 0.500263 0.487698 0.469943 0.445072 0.409735 0.355898 0.262658 0.0
7.15 1.77 0.554993 0.550214 0.543594 0.534508 0.52181 0.50395 0.478302 0.441364 0.384784 0.286333 0.0
7.2 1.874 0.589253 0.584542 0.577981 0.568925 0.556237 0.538197 0.512129 0.47374 0.414778 0.311259 0.0
7.25 1.986 0.623556 0.618944 0.612512 0.603567 0.590878 0.572796 0.546482 0.506776 0.445862 0.336932 0.0
7.3 2.103 0.657939 0.653445 0.647145 0.638304 0.625817 0.607638 0.580958 0.540565 0.477397 0.363598 0.0
7.35 2.228 0.689213 0.684876 0.678814 0.670139 0.657837 0.639894 0.613111 0.572478 0.50697 0.389769 0.0
7.4 2.36 0.720363 0.716208 0.710366 0.70203 0.689998 0.672249 0.645535 0.604378 0.537344 0.416299 0.0
7.45 2.5 0.751465 0.747431 0.741756 0.733778 0.722212 0.704808 0.678292 0.636753 0.568498 0.443098 0.0
7.5 2.648 0.78243 0.778569 0.773146 0.765488 0.754226 0.737483 0.711232 0.669433 0.600364 0.471181 0.0
7.55 2.805 0.813407 0.80971 0.804524 0.797027 0.786317 0.769977 0.744479 0.702651 0.632489 0.500499 0.0
7.6 2.971 0.844356 0.840793 0.835765 0.828617 0.818138 0.802446 0.777624 0.736012 0.664877 0.5297 0.0
7.65 3.147 0.875217 0.871822 0.867064 0.860192 0.850045 0.834713 0.810487 0.769793 0.697761 0.559134 0.0
7.7 3.333 0.906107 0.90285 0.898232 0.891649 0.882028 0.867091 0.843491 0.803773 0.731258 0.589498 0.0
7.75 3.531 0.936873 0.933776 0.929414 0.923169 0.913773 0.899482 0.87638 0.837333 0.765179 0.62085 0.0
7.8 3.74 0.967714 0.964758 0.960547 0.954513 0.945674 0.931736 0.909272 0.871117 0.799627 0.653161 0.0
7.85 3.962 0.969298 0.966584 0.962773 0.957267 0.948861 0.936024 0.91495 0.878176 0.810269 0.665459 0.0
7.9 4.196 0.970825 0.968308 0.96474 0.95961 0.95209 0.939856 0.91996 0.885103 0.819999 0.67738 0.0
7.95 4.445 0.972238 0.969931 0.966698 0.961878 0.954733 0.943672 0.924917 0.891883 0.828838 0.689253 0.0
8.0 4.708 0.973408 0.97128 0.968304 0.963981 0.957396 0.946939 0.929463 0.898013 0.83727 0.701299 0.0
8.05 4.987 0.974508 0.972515 0.969715 0.965731 0.959797 0.950122 0.933927 0.90418 0.845542 0.71325 0.0
8.1 5.283 0.975361 0.973518 0.970994 0.967384 0.961803 0.953092 0.937783 0.909719 0.853471 0.725321 0.0
8.15 5.596 0.976178 0.974445 0.972056 0.968668 0.963775 0.955578 0.941714 0.915443 0.861169 0.73741 0.0
8.2 5.928 0.97699 0.975357 0.973092 0.969897 0.965205 0.957939 0.945097 0.920235 0.868626 0.748147 0.0
8.25 6.279 0.977671 0.976153 0.974097 0.971119 0.966652 0.959783 0.947988 0.925139 0.875759 0.758003 0.0
8.3 6.651 0.978301 0.976861 0.974891 0.972143 0.968116 0.961548 0.950769 0.929657 0.882881 0.767458 0.0
8.35 7.045 0.978914 0.977556 0.975698 0.973089 0.969267 0.963311 0.952946 0.933452 0.88942 0.776916 0.0
8.4 7.462 0.979551 0.978271 0.9765 0.974008 0.9704 0.964794 0.95513 0.937218 0.895702 0.786289 0.0
8.45 7.905 0.979996 0.978803 0.977217 0.974965 0.971483 0.966161 0.957353 0.940001 0.901923 0.795496 0.0
8.5 8.373 0.980404 0.979261 0.97773 0.97563 0.97263 0.967494 0.959015 0.942835 0.9072 0.804721 0.0
8.55 8.869 0.980812 0.979723 0.97827 0.976241 0.973344 0.968882 0.96074 0.945735 0.912039 0.813694 0.0
8.6 9.395 0.981214 0.980174 0.978774 0.976849 0.974075 0.969851 0.962438 0.948056 0.916178 0.822887 0.0
8.65 9.951 0.98164 0.98065 0.979308 0.977448 0.974788 0.970735 0.964095 0.950336 0.919961 0.831384 0.0
8.7 10.541 0.981932 0.981 0.97978 0.978083 0.975505 0.971617 0.965178 0.952562 0.923798 0.839834 0.0
8.75 11.166 0.982198 0.981297 0.980112 0.978515 0.976265 0.972485 0.966326 0.954916 0.927312 0.848248 0.0
8.8 11.827 0.982481 0.981612 0.980464 0.978908 0.976724 0.973405 0.967414 0.956409 0.930396 0.855302 0.0
8.85 12.528 0.982753 0.98192 0.980826 0.979325 0.977193 0.974031 0.968545 0.957918 0.933526 0.861747 0.0
8.9 13.27 0.983024 0.982223 0.981162 0.979725 0.97769 0.974598 0.969643 0.959404 0.936764 0.867183 0.0
8.95 14.057 0.983312 0.982543 0.981519 0.980123 0.978154 0.975198 0.970339 0.960906 0.939327 0.872362 0.0
9.0 14.889 0.983616 0.982883 0.981897 0.980545 0.978629 0.975773 0.971076 0.962497 0.941429 0.877712 0.0
