5.0 0.187 0.0 0.0 0.0 0.0 0.0 0.0 0.0 0.0 0.0 0.0 0.0
5.05 0.199 0.0 0.0 0.0 0.0 0.0 0.0 0.0 0.0 0.0 0.0 0.0
5.1 0.21 0.0 0.0 0.0 0.0 0.0 0.0 0.0 0.0 0.0 0.0 0.0
5.15 0.223 0.0 0.0 0.0 0.0 0.0 0.0 0.0 0.0 0.0 0.0 0.0
5.2 0.236 0.0 0.0 0.0 0.0 0.0 0.0 0.0 0.0 0.0 0.0 0.0
5.25 0.25 0.0 0.0 0.0 0.0 0.0 0.0 0.0 0.0 0.0 0.0 0.0
5.3 0.265 0.0 0.0 0.0 0.0 0.0 0.0 0.0 0.0 0.0 0.0 0.0
5.35 0.28 0.0 0.0 0.0 0.0 0.0 0.0 0.0 0.0 0.0 0.0 0.0
5.4 0.297 0.0 0.0 0.0 0.0 0.0 0.0 0.0 0.0 0.0 0.0 0.0
5.45 0.315 0.0 0.0 0.0 0.0 0.0 0.0 0.0 0.0 0.0 0.0 0.0
5.5 0.333 0.0 0.0 0.0 0.0 0.0 0.0 0.0 0.0 0.0 0.0 0.0
5.55 0.353 0.0 0.0 0.0 0.0 0.0 0.0 0.0 0.0 0.0 0.0 0.0
5.6 0.374 0.0 0.0 0.0 0.0 0.0 0.0 0.0 0.0 0.0 0.0 0.0
5.65 0.396 0.0 0.0 0.0 0.0 0.0 0.0 0.0 0.0 0.0 0.0 0.0
5.7 0.42 0.0 0.0 0.0 0.0 0.0 0.0 0.0 0.0 0.0 0.0 0.0
5.75 0.445 0.0 0.0 0.0 0.0 0.0 0.0 0.0 0.0 0.0 0.0 0.0
5.8 0.471 0.0 0.0 0.0 0.0 0.0 0.0 0.0 0.0 0.0 0.0 0.0
5.85 0.499 0.009346 0.00913 0.00885 0.008499 0.008064 0.007512 0.006792 0.005808 0.004421 0.002526 0.0
5.9 0.528 0.019112 0.018678 0.018116 0.017412 0.016533 0.015435 0.014005 0.012047 0.009256 0.00536 0.0
5.95 0.56 0.029307 0.02865 0.0278 0.026735 0.025422 0.023765 0.021627 0.018711 0.014512 0.008518 0.0
6.0 0.593 0.039916 0.039038 0.037905 0.036484 0.03471 0.032511 0.02968 0.025792 0.020197 0.012018 0.0
6.05 0.628 0.050949 0.049846 0.048418 0.046633 0.044434 0.041657 0.038109 0.033295 0.02631 0.015861 0.0
6.1 0.665 0.062382 0.061066 0.059362 0.057207 0.054537 0.051236 0.046973 0.041223 0.032811 0.020083 0.0
6.15 0.704 0.074199 0.072668 0.070683 0.068184 0.065077 0.06119 0.05623 0.049528 0.039751 0.024675 0.0
6.2 0.746 0.086394 0.084664 0.082404 0.079548 0.076004 0.071573 0.065923 0.05828 0.047141 0.029636 0.0
6.25 0.79 0.098922 0.097008 0.094504 0.091321 0.087322 0.082353 0.075962 0.067392 0.054895 0.035007 0.0
6.3 0.837 0.111772 0.109688 0.106947 0.103448 0.099061 0.093503 0.086472 0.076986 0.063082 0.040785 0.0
6.35 0.887 0.124922 0.122691 0.119737 0.115939 0.111131 0.105082 0.097299 0.086869 0.071657 0.046969 0.0
6.4 0.939 0.13831 0.135959 0.132842 0.128786 0.123582 0.117005 0.108545 0.097236 0.080642 0.053503 0.0
6.45 0.995 0.151918 0.14946 0.14618 0.14191 0.136409 0.12931 0.120202 0.107941 0.090079 0.060489 0.0
6.5 1.054 0.16575 0.16321 0.159787 0.155299 0.1495 0.142007 0.132174 0.11901 0.099856 0.067926 0.0
6.55 1.117 0.179787 0.177176 0.173652 0.168978 0.162885 0.154988 0.144565 0.13055 0.110032 0.075711 0.0
6.6 1.183 0.193932 0.191287 0.187709 0.182926 0.176573 0.168251 0.157369 0.142354 0.120663 0.0839 0.0
6.65 1.253 0.208216 0.20553 0.201884 0.197015 0.19055 0.18186 0.17035 0.154585 0.13151 0.092481 0.0
6.7 1.327 0.222596 0.219907 0.216223 0.211289 0.204656 0.195793 0.183701 0.167265 0.14286 0.101484 0.0
6.75 1.406 0.262036 0.259064 0.255009 0.249467 0.242032 0.231971 0.21822 0.199096 0.170803 0.122682 0.0
6.8 1.489 0.301977 0.298768 0.29436 0.288343 0.280158 0.26902 0.253747 0.231984 0.199887 0.144917 0.0
6.85 1.577 0.3423 0.338907 0.334247 0.327856 0.319032 0.30688 0.290047 0.266051 0.230273 0.168412 0.0
6.9 1.671 0.382984 0.379439 0.37454 0.367841 0.358602 0.345547 0.327259 0.301276 0.26169 0.193131 0.0
6.95 1.77 0.423953 0.420302 0.415246 0.408305 0.398605 0.384962 0.36537 0.337153 0.293932 0.218726 0.0
7.0 1.874 0.4652 0.461481 0.456301 0.449152 0.439135 0.424893 0.404313 0.374005 0.327456 0.245731 0.0
7.05 1.986 0.498845 0.495156 0.49001 0.482854 0.472702 0.458237 0.437186 0.405421 0.35669 0.269546 0.0
7.1 2.103 0.532618 0.52898 0.52388 0.516723 0.506614 0.491898 0.470299 0.437601 0.386465 0.294342 0.0
7.15 2.228 0.566476 0.562912 0.55793 0.550799 0.540688 0.52594 0.503927 0.47053 0.416688 0.320358 0.0
7.2 2.36 0.600303 0.59684 0.591971 0.585024 0.574998 0.560207 0.537946 0.503648 0.447786 0.346916 0.0
7.25 2.5 0.634148 0.630743 0.625954 0.619221 0.609461 0.594774 0.572398 0.537344 0.479745 0.373922 0.0
7.3 2.648 0.667928 0.664632 0.660003 0.653466 0.643851 0.629559 0.607149 0.571467 0.512506 0.402228 0.0
7.35 2.805 0.698573 0.695398 0.690944 0.684505 0.675307 0.661275 0.639376 0.603454 0.543196 0.42984 0.0
7.4 2.971 0.729217 0.726139 0.721797 0.715624 0.706574 0.693022 0.671584 0.635647 0.574212 0.457468 0.0
7.45 3.147 0.759804 0.756857 0.752726 0.74676 0.737952 0.724641 0.703609 0.668282 0.605748 0.485402 0.0
7.5 3.333 0.790434 0.787592 0.783564 0.777822 0.769428 0.756399 0.735811 0.701164 0.637906 0.514243 0.0
7.55 3.531 0.820971 0.818258 0.814435 0.808963 0.800729 0.788206 0.767962 0.733745 0.670518 0.544044 0.0
7.6 3.74 0.851588 0.848987 0.845282 0.839971 0.832193 0.819927 0.80016 0.766583 0.703672 0.574782 0.0
7.65 3.962 0.882061 0.879592 0.876123 0.871113 0.863464 0.851782 0.832605 0.79914 0.737344 0.605567 0.0
7.7 4.196 0.912575 0.910209 0.906856 0.902033 0.894965 0.883465 0.864762 0.831996 0.770799 0.636737 0.0
7.75 4.445 0.943071 0.940834 0.937697 0.933021 0.926091 0.915362 0.89717 0.865126 0.803973 0.668575 0.0
7.8 4.708 0.973408 0.97128 0.968304 0.963981 0.957396 0.946939 0.929463 0.898013 0.83727 0.701299 0.0
7.85 4.987 0.974508 0.972515 0.969715 0.965731 0.959797 0.950122 0.933927 0.90418 0.845542 0.71325 0.0
7.9 5.283 0.975361 0.973518 0.970994 0.967384 0.961803 0.953092 0.937783 0.909719 0.853471 0.725321 0.0
7.95 5.596 0.976178 0.974445 0.972056 0.968668 0.963775 0.955578 0.941714 0.915443 0.861169 0.73741 0.0
8.0 5.928 0.97699 0.975357 0.973092 0.969897 0.965205 0.957939 0.945097 0.920235 0.868626 0.748147 0.0
8.05 6.279 0.977671 0.976153 0.974097 0.971119 0.966652 0.959783 0.947988 0.925139 0.875759 0.758003 0.0
8.1 6.651 0.978301 0.976861 0.974891 0.972143 0.968116 0.961548 0.950769 0.929657 0.882881 0.767458 0.0
8.15 7.045 0.978914 0.977556 0.975698 0.973089 0.969267 0.963311 0.952946 0.933452 0.88942 0.776916 0.0
8.2 7.462 0.979551 0.978271 0.9765 0.974008 0.9704 0.964794 0.95513 0.937218 0.895702 0.786289 0.0
8.25 7.905 0.979996 0.978803 0.977217 0.974965 0.971483 0.966161 0.957353 0.940001 0.901923 0.795496 0.0
8.3 8.373 0.980404 0.979261 0.97773 0.97563 0.97263 0.967494 0.959015 0.942835 0.9072 0.804721 0.0
8.35 8.869 0.980812 0.979723 0.97827 0.976241 0.973344 0.968882 0.96074 0.945735 0.912039 0.813694 0.0
8.4 9.395 0.981214 0.980174 0.978774 0.976849 0.974075 0.969851 0.962438 0.948056 0.916178 0.822887 0.0
8.45 9.951 0.98164 0.98065 0.979308 0.977448 0.974788 0.970735 0.964095 0.950336 0.919961 0.831384 0.0
8.5 10.541 0.981932 0.981 0.97978 0.978083 0.975505 0.971617 0.965178 0.952562 0.923798 0.839834 0.0
8.55 11.166 0.982198 0.981297 0.980112 0.978515 0.976265 0.972485 0.966326 0.954916 0.927312 0.848248 0.0
8.6 11.827 0.982481 0.981612 0.980464 0.978908 0.976724 0.973405 0.967414 0.956409 0.930396 0.855302 0.0
8.65 12.528 0.982753 0.98192 0.980826 0.979325 0.977193 0.974031 0.968545 0.957918 0.933526 0.861747 0.0
8.7 13.27 0.983024 0.982223 0.981162 0.979725 0.97769 0.974598 0.969643 0.959404 0.936764 0.867183 0.0
8.75 14.057 0.983312 0.982543 0.981519 0.980123 0.978154 0.975198 0.970339 0.960906 0.939327 0.872362 0.0
8.8 14.889 0.983616 0.982883 0.981897 0.980545 0.978629 0.975773 0.971076 0.962497 0.941429 0.877712 0.0
8.85 15.772 0.983773 0.983082 0.982209 0.980992 0.979131 0.976345 0.971855 0.963471 0.943596 0.882575 0.0
8.9 16.706 0.983882 0.983204 0.982344 0.981221 0.979663 0.97695 0.972557 0.964453 0.945726 0.887066 0.0
8.95 17.696 0.983997 0.983332 0.982487 0.98138 0.979874 0.977591 0.973301 0.965493 0.947983 0.891674 0.0
9.0 18.745 0.98412 0.983469 0.982638 0.981549 0.980063 0.977922 0.974089 0.96647 0.949739 0.896497 0.0
