0.0 0.0 0.5 0.45 0.4 0.35 0.3 0.25 0.2 0.15 0.1 0.05 0.0
5.5 0.333 0.000121 0.000118 0.000113 0.000108 0.000101 9.2e-05 8.1e-05 6.5e-05 4.6e-05 2.4e-05 0.0
5.55 0.353 0.000183 0.000179 0.000172 0.000164 0.000154 0.000141 0.000124 0.000102 7.3e-05 3.9e-05 0.0
5.6 0.374 0.000216 0.000211 0.000203 0.000194 0.000183 0.000168 0.000149 0.000123 8.9e-05 4.8e-05 0.0
5.65 0.396 0.000304 0.000297 0.000287 0.000274 0.000259 0.000239 0.000212 0.000177 0.000129 7e-05 0.0
5.7 0.42 0.000377 0.000368 0.000356 0.000341 0.000322 0.000298 0.000266 0.000223 0.000165 9e-05 0.0
5.75 0.445 0.000464 0.000453 0.000439 0.000421 0.000398 0.000369 0.000331 0.000279 0.000208 0.000116 0.0
5.8 0.471 0.000541 0.000529 0.000512 0.000492 0.000466 0.000433 0.00039 0.000331 0.00025 0.000141 0.0
5.85 0.499 0.000808 0.00079 0.000765 0.000735 0.000697 0.00065 0.000587 0.000502 0.000382 0.000218 0.0
5.9 0.528 0.001076 0.001052 0.00102 0.00098 0.000931 0.000869 0.000789 0.000678 0.000521 0.000302 0.0
5.95 0.56 0.001523 0.001489 0.001444 0.001389 0.001321 0.001235 0.001124 0.000972 0.000754 0.000443 0.0
6.0 0.593 0.002193 0.002145 0.002082 0.002004 0.001907 0.001786 0.00163 0.001417 0.00111 0.00066 0.0
6.05 0.628 0.003117 0.00305 0.002962 0.002853 0.002719 0.002549 0.002332 0.002037 0.00161 0.00097 0.0
6.1 0.665 0.004217 0.004128 0.004013 0.003867 0.003686 0.003463 0.003175 0.002787 0.002218 0.001358 0.0
6.15 0.704 0.005928 0.005806 0.005648 0.005448 0.0052 0.004889 0.004493 0.003957 0.003176 0.001972 0.0
6.2 0.746 0.008646 0.008473 0.008247 0.007961 0.007606 0.007163 0.006598 0.005833 0.004718 0.002966 0.0
6.25 0.79 0.01169 0.011464 0.011168 0.010792 0.010319 0.009732 0.008977 0.007964 0.006487 0.004137 0.0
6.3 0.837 0.016831 0.016518 0.016105 0.015578 0.014917 0.01408 0.013022 0.011593 0.009499 0.006142 0.0
6.35 0.887 0.022733 0.022327 0.021789 0.021098 0.020223 0.019122 0.017706 0.015808 0.01304 0.008547 0.0
6.4 0.939 0.031055 0.030527 0.029827 0.028916 0.027748 0.026271 0.024372 0.021833 0.018107 0.012013 0.0
6.45 0.995 0.037001 0.036402 0.035604 0.034563 0.033224 0.031495 0.029276 0.02629 0.02194 0.014733 0.0
6.5 1.054 0.042406 0.041756 0.04088 0.039732 0.038248 0.036332 0.033816 0.030448 0.025548 0.017378 0.0
6.55 1.117 0.053866 0.053084 0.052028 0.050628 0.048802 0.046436 0.043313 0.039114 0.032967 0.022684 0.0
6.6 1.183 0.070435 0.069475 0.068175 0.066438 0.064131 0.061108 0.057156 0.051702 0.043824 0.030472 0.0
6.65 1.253 0.096837 0.095588 0.093892 0.091628 0.088621 0.08458 0.079227 0.071895 0.061163 0.043011 0.0
6.7 1.327 0.134736 0.133108 0.130878 0.127892 0.123877 0.118512 0.111193 0.101244 0.086472 0.061427 0.0
6.75 1.406 0.181638 0.179578 0.176767 0.172926 0.167772 0.160798 0.151266 0.13801 0.118398 0.085041 0.0
6.8 1.489 0.23475 0.232256 0.228829 0.224152 0.217789 0.209131 0.197257 0.18034 0.155388 0.112656 0.0
6.85 1.577 0.287963 0.28511 0.281189 0.275812 0.268389 0.258166 0.244005 0.223819 0.19372 0.141679 0.0
6.9 1.671 0.344344 0.341157 0.336752 0.330728 0.322421 0.310683 0.294241 0.270879 0.235287 0.173645 0.0
6.95 1.77 0.397492 0.39407 0.389328 0.382821 0.373726 0.360935 0.342566 0.31611 0.275586 0.205075 0.0
7.0 1.874 0.446322 0.442754 0.437785 0.430925 0.421315 0.40765 0.387906 0.358828 0.314168 0.235759 0.0
7.05 1.986 0.491497 0.487862 0.482792 0.475741 0.465739 0.451487 0.430746 0.399448 0.351436 0.265575 0.0
7.1 2.103 0.534356 0.530706 0.52559 0.51841 0.508268 0.493504 0.471835 0.439029 0.387726 0.295302 0.0
7.15 2.228 0.579183 0.575539 0.570445 0.563154 0.552816 0.537738 0.515231 0.481084 0.426035 0.327545 0.0
7.2 2.36 0.628927 0.625299 0.620198 0.61292 0.602416 0.586919 0.563596 0.527663 0.469138 0.363457 0.0
7.25 2.5 0.679621 0.675973 0.67084 0.663625 0.653165 0.637424 0.613444 0.575876 0.514147 0.400735 0.0
7.3 2.648 0.726106 0.722523 0.717491 0.710384 0.699933 0.684395 0.660034 0.621243 0.557147 0.437263 0.0
7.35 2.805 0.766875 0.763389 0.7585 0.751432 0.741335 0.72593 0.70189 0.662456 0.596306 0.471868 0.0
7.4 2.971 0.798189 0.79482 0.790067 0.783311 0.773405 0.758571 0.735105 0.695769 0.628523 0.500737 0.0
7.45 3.147 0.824271 0.821074 0.816592 0.81012 0.800564 0.786124 0.763308 0.724984 0.657144 0.526587 0.0
7.5 3.333 0.845904 0.842863 0.838552 0.832407 0.823424 0.809481 0.787448 0.750369 0.682672 0.550331 0.0
7.55 3.531 0.864757 0.861899 0.857872 0.852108 0.843435 0.830244 0.808921 0.772879 0.706279 0.57306 0.0
7.6 3.74 0.880813 0.878123 0.87429 0.868798 0.860752 0.848066 0.82762 0.792891 0.727821 0.594507 0.0
7.65 3.962 0.897228 0.894716 0.891188 0.886091 0.878311 0.866428 0.846921 0.812881 0.750023 0.61598 0.0
7.7 4.196 0.914146 0.911776 0.908417 0.903586 0.896505 0.884986 0.866251 0.833429 0.772126 0.637833 0.0
7.75 4.445 0.931936 0.929725 0.926625 0.922005 0.915157 0.904554 0.886576 0.854911 0.79448 0.660681 0.0
7.8 4.708 0.943574 0.941511 0.938627 0.934436 0.928053 0.917917 0.900976 0.87049 0.811609 0.679805 0.0
7.85 4.987 0.952107 0.95016 0.947424 0.943532 0.937735 0.928281 0.912459 0.883396 0.826105 0.696854 0.0
7.9 5.283 0.960415 0.9586 0.956114 0.95256 0.947064 0.938487 0.923412 0.895779 0.840392 0.714206 0.0
7.95 5.596 0.968699 0.966979 0.964608 0.961246 0.956391 0.948257 0.934499 0.908429 0.854571 0.73176 0.0
8.0 5.928 0.97699 0.975357 0.973092 0.969897 0.965205 0.957939 0.945097 0.920235 0.868626 0.748147 0.0
8.05 6.279 0.977671 0.976153 0.974097 0.971119 0.966652 0.959783 0.947988 0.925139 0.875759 0.758003 0.0
8.1 6.651 0.978301 0.976861 0.974891 0.972143 0.968116 0.961548 0.950769 0.929657 0.882881 0.767458 0.0
8.15 7.045 0.978914 0.977556 0.975698 0.973089 0.969267 0.963311 0.952946 0.933452 0.88942 0.776916 0.0
8.2 7.462 0.979551 0.978271 0.9765 0.974008 0.9704 0.964794 0.95513 0.937218 0.895702 0.786289 0.0
8.25 7.905 0.979996 0.978803 0.977217 0.974965 0.971483 0.966161 0.957353 0.940001 0.901923 0.795496 0.0
8.3 8.373 0.980404 0.979261 0.97773 0.97563 0.97263 0.967494 0.959015 0.942835 0.9072 0.804721 0.0
8.35 8.869 0.980812 0.979723 0.97827 0.976241 0.973344 0.968882 0.96074 0.945735 0.912039 0.813694 0.0
8.4 9.395 0.981214 0.980174 0.978774 0.976849 0.974075 0.969851 0.962438 0.948056 0.916178 0.822887 0.0
8.45 9.951 0.98164 0.98065 0.979308 0.977448 0.974788 0.970735 0.964095 0.950336 0.919961 0.831384 0.0
8.5 10.541 0.981932 0.981 0.97978 0.978083 0.975505 0.971617 0.965178 0.952562 0.923798 0.839834 0.0
8.55 11.166 0.982198 0.981297 0.980112 0.978515 0.976265 0.972485 0.966326 0.954916 0.927312 0.848248 0.0
8.6 11.827 0.982481 0.981612 0.980464 0.978908 0.976724 0.973405 0.967414 0.956409 0.930396 0.855302 0.0
8.65 12.528 0.982753 0.98192 0.980826 0.979325 0.977193 0.974031 0.968545 0.957918 0.933526 0.861747 0.0
8.7 13.27 0.983024 0.982223 0.981162 0.979725 0.97769 0.974598 0.969643 0.959404 0.936764 0.867183 0.0
8.75 14.057 0.983312 0.982543 0.981519 0.980123 0.978154 0.975198 0.970339 0.960906 0.939327 0.872362 0.0
8.8 14.889 0.983616 0.982883 0.981897 0.980545 0.978629 0.975773 0.971076 0.962497 0.941429 0.877712 0.0
8.85 15.772 0.983773 0.983082 0.982209 0.980992 0.979131 0.976345 0.971855 0.963471 0.943596 0.882575 0.0
8.9 16.706 0.983882 0.983204 0.982344 0.981221 0.979663 0.97695 0.972557 0.964453 0.945726 0.887066 0.0
8.95 17.696 0.983997 0.983332 0.982487 0.98138 0.979874 0.977591 0.973301 0.965493 0.947983 0.891674 0.0
9.0 18.745 0.98412 0.983469 0.982638 0.981549 0.980063 0.977922 0.974089 0.96647 0.949739 0.896497 0.0
