0.0 0.0 0.5 0.45 0.4 0.35 0.3 0.25 0.2 0.15 0.1 0.05 0.0
5.0 0.236 0.0 0.0 0.0 0.0 0.0 0.0 0.0 0.0 0.0 0.0 0.0
5.05 0.25 0.0 0.0 0.0 0.0 0.0 0.0 0.0 0.0 0.0 0.0 0.0
5.1 0.265 0.0 0.0 0.0 0.0 0.0 0.0 0.0 0.0 0.0 0.0 0.0
5.15 0.28 0.0 0.0 0.0 0.0 0.0 0.0 0.0 0.0 0.0 0.0 0.0
5.2 0.297 0.0 0.0 0.0 0.0 0.0 0.0 0.0 0.0 0.0 0.0 0.0
5.25 0.315 0.0 0.0 0.0 0.0 0.0 0.0 0.0 0.0 0.0 0.0 0.0
5.3 0.333 0.0 0.0 0.0 0.0 0.0 0.0 0.0 0.0 0.0 0.0 0.0
5.35 0.353 0.0 0.0 0.0 0.0 0.0 0.0 0.0 0.0 0.0 0.0 0.0
5.4 0.374 0.0 0.0 0.0 0.0 0.0 0.0 0.0 0.0 0.0 0.0 0.0
5.45 0.396 0.0 0.0 0.0 0.0 0.0 0.0 0.0 0.0 0.0 0.0 0.0
5.5 0.42 0.0 0.0 0.0 0.0 0.0 0.0 0.0 0.0 0.0 0.0 0.0
5.55 0.445 0.0 0.0 0.0 0.0 0.0 0.0 0.0 0.0 0.0 0.0 0.0
5.6 0.471 0.0 0.0 0.0 0.0 0.0 0.0 0.0 0.0 0.0 0.0 0.0
5.65 0.499 0.0 0.0 0.0 0.0 0.0 0.0 0.0 0.0 0.0 0.0 0.0
5.7 0.528 0.0 0.0 0.0 0.0 0.0 0.0 0.0 0.0 0.0 0.0 0.0
5.75 0.56 0.0 0.0 0.0 0.0 0.0 0.0 0.0 0.0 0.0 0.0 0.0
5.8 0.593 0.0 0.0 0.0 0.0 0.0 0.0 0.0 0.0 0.0 0.0 0.0
5.85 0.628 0.01019 0.009969 0.009684 0.009327 0.008887 0.008331 0.007622 0.006659 0.005262 0.003172 0.0
5.9 0.665 0.020794 0.020356 0.019788 0.019069 0.018179 0.017079 0.015658 0.013741 0.010937 0.006695 0.0
5.95 0.704 0.0318 0.031144 0.030293 0.029222 0.02789 0.026224 0.024099 0.021227 0.017036 0.010575 0.0
6.0 0.746 0.043197 0.042332 0.041202 0.039774 0.038002 0.035787 0.032962 0.02914 0.023571 0.014818 0.0
6.05 0.79 0.054957 0.053893 0.052503 0.050734 0.048512 0.045752 0.042201 0.03744 0.030497 0.019448 0.0
6.1 0.837 0.067063 0.065812 0.064168 0.062069 0.059436 0.056102 0.051883 0.046192 0.037849 0.024471 0.0
6.15 0.887 0.079495 0.078076 0.076196 0.073779 0.07072 0.06687 0.061917 0.05528 0.0456 0.02989 0.0
6.2 0.939 0.092207 0.090639 0.088561 0.085857 0.082388 0.078003 0.072363 0.064824 0.053761 0.035668 0.0
6.25 0.995 0.105174 0.103472 0.101202 0.098245 0.094437 0.089522 0.083217 0.074728 0.062363 0.041877 0.0
6.3 1.054 0.118393 0.116579 0.114134 0.110928 0.106786 0.101434 0.09441 0.085008 0.071326 0.048519 0.0
6.35 1.117 0.131844 0.129929 0.127345 0.123918 0.11945 0.113658 0.106015 0.095737 0.080691 0.055522 0.0
6.4 1.183 0.145449 0.143466 0.140782 0.137195 0.13243 0.126189 0.118027 0.106766 0.090498 0.062925 0.0
6.45 1.253 0.159224 0.15717 0.154382 0.150658 0.145715 0.139069 0.130268 0.118212 0.100567 0.070721 0.0
6.5 1.327 0.17313 0.171039 0.168173 0.164336 0.159177 0.152283 0.142878 0.130095 0.111113 0.078931 0.0
6.55 1.406 0.187168 0.185045 0.182149 0.17819 0.17288 0.165693 0.155872 0.142211 0.122002 0.08763 0.0
6.6 1.489 0.201318 0.199179 0.19624 0.192228 0.186772 0.179347 0.169165 0.154656 0.133258 0.096612 0.0
6.65 1.577 0.215522 0.213386 0.210452 0.206427 0.200872 0.193221 0.182622 0.167514 0.144986 0.106037 0.0
6.7 1.671 0.22979 0.227664 0.224724 0.220704 0.215161 0.207328 0.196355 0.180765 0.157014 0.115878 0.0
6.75 1.77 0.269788 0.267465 0.264247 0.25983 0.253658 0.244976 0.232508 0.214552 0.187047 0.139189 0.0
6.8 1.874 0.310133 0.307653 0.304201 0.299434 0.292756 0.283261 0.269542 0.249337 0.218304 0.163821 0.0
6.85 1.986 0.35075 0.348156 0.344538 0.339506 0.332369 0.322198 0.307396 0.285061 0.250798 0.189525 0.0
6.9 2.103 0.391631 0.388956 0.385206 0.379943 0.37251 0.36169 0.345808 0.321765 0.284165 0.216428 0.0
6.95 2.228 0.432725 0.430002 0.426196 0.420749 0.413026 0.40176 0.384944 0.359433 0.318303 0.244718 0.0
7.0 2.36 0.473923 0.471189 0.467346 0.461862 0.453946 0.442269 0.424694 0.397617 0.353516 0.273881 0.0
7.05 2.5 0.507319 0.504595 0.500763 0.495377 0.487569 0.47582 0.457919 0.429875 0.383796 0.299138 0.0
7.1 2.648 0.540704 0.538036 0.534288 0.528996 0.521213 0.509643 0.491502 0.462616 0.414886 0.325613 0.0
7.15 2.805 0.574169 0.57156 0.567899 0.562607 0.555047 0.543514 0.525514 0.495989 0.446462 0.353293 0.0
7.2 2.971 0.60768 0.605116 0.601497 0.596353 0.588811 0.577518 0.559653 0.529705 0.478509 0.381223 0.0
7.25 3.147 0.641185 0.638698 0.635212 0.630177 0.622744 0.611511 0.593763 0.563951 0.51118 0.409622 0.0
7.3 3.333 0.67476 0.672335 0.668896 0.663994 0.656829 0.645706 0.628131 0.598554 0.544554 0.438988 0.0
7.35 3.531 0.705069 0.702739 0.699456 0.694756 0.687685 0.67693 0.659544 0.630158 0.575856 0.467238 0.0
7.4 3.74 0.735463 0.733216 0.730016 0.72543 0.718712 0.708119 0.691047 0.662049 0.607717 0.496402 0.0
7.45 3.962 0.765745 0.763602 0.760591 0.756241 0.749601 0.739459 0.722811 0.693759 0.640112 0.525712 0.0
7.5 4.196 0.796076 0.794012 0.791087 0.78688 0.780714 0.770682 0.754367 0.725784 0.672399 0.555452 0.0
7.55 4.445 0.826402 0.824442 0.821693 0.817596 0.811523 0.802121 0.786179 0.7581 0.704513 0.585865 0.0
7.6 4.708 0.856599 0.854726 0.852108 0.848303 0.842508 0.833307 0.817927 0.790252 0.736798 0.617143 0.0
7.65 4.987 0.886802 0.884989 0.882441 0.878815 0.873416 0.864611 0.849874 0.822804 0.769443 0.649057 0.0
7.7 5.283 0.91684 0.915107 0.912734 0.909341 0.904094 0.895907 0.881516 0.855136 0.802263 0.681802 0.0
7.75 5.596 0.946893 0.945212 0.942894 0.939608 0.934862 0.926911 0.913463 0.88798 0.835334 0.715288 0.0
7.8 5.928 0.97699 0.975357 0.973092 0.969897 0.965205 0.957939 0.945097 0.920235 0.868626 0.748147 0.0
7.85 6.279 0.977671 0.976153 0.974097 0.971119 0.966652 0.959783 0.947988 0.925139 0.875759 0.758003 0.0
7.9 6.651 0.978301 0.976861 0.974891 0.972143 0.968116 0.961548 0.950769 0.929657 0.882881 0.767458 0.0
7.95 7.045 0.978914 0.977556 0.975698 0.973089 0.969267 0.963311 0.952946 0.933452 0.88942 0.776916 0.0
8.0 7.462 0.979551 0.978271 0.9765 0.974008 0.9704 0.964794 0.95513 0.937218 0.895702 0.786289 0.0
8.05 7.905 0.979996 0.978803 0.977217 0.974965 0.971483 0.966161 0.957353 0.940001 0.901923 0.795496 0.0
8.1 8.373 0.980404 0.979261 0.97773 0.97563 0.97263 0.967494 0.959015 0.942835 0.9072 0.804721 0.0
8.15 8.869 0.980812 0.979723 0.97827 0.976241 0.973344 0.968882 0.96074 0.945735 0.912039 0.813694 0.0
8.2 9.395 0.981214 0.980174 0.978774 0.976849 0.974075 0.969851 0.962438 0.948056 0.916178 0.822887 0.0
8.25 9.951 0.98164 0.98065 0.979308 0.977448 0.974788 0.970735 0.964095 0.950336 0.919961 0.831384 0.0
8.3 10.541 0.981932 0.981 0.97978 0.978083 0.975505 0.971617 0.965178 0.952562 0.923798 0.839834 0.0
8.35 11.166 0.982198 0.981297 0.980112 0.978515 0.976265 0.972485 0.966326 0.954916 0.927312 0.848248 0.0
8.4 11.827 0.982481 0.981612 0.980464 0.978908 0.976724 0.973405 0.967414 0.956409 0.930396 0.855302 0.0
8.45 12.528 0.982753 0.98192 0.980826 0.979325 0.977193 0.974031 0.968545 0.957918 0.933526 0.861747 0.0
8.5 13.27 0.983024 0.982223 0.981162 0.979725 0.97769 0.974598 0.969643 0.959404 0.936764 0.867183 0.0
8.55 14.057 0.983312 0.982543 0.981519 0.980123 0.978154 0.975198 0.970339 0.960906 0.939327 0.872362 0.0
8.6 14.889 0.983616 0.982883 0.981897 0.980545 0.978629 0.975773 0.971076 0.962497 0.941429 0.877712 0.0
8.65 15.772 0.983773 0.983082 0.982209 0.980992 0.979131 0.976345 0.971855 0.963471 0.943596 0.882575 0.0
8.7 16.706 0.983882 0.983204 0.982344 0.981221 0.979663 0.97695 0.972557 0.964453 0.945726 0.887066 0.0
8.75 17.696 0.983997 0.983332 0.982487 0.98138 0.979874 0.977591 0.973301 0.965493 0.947983 0.891674 0.0
8.8 18.745 0.98412 0.983469 0.982638 0.981549 0.980063 0.977922 0.974089 0.96647 0.949739 0.896497 0.0
8.85 19.855 0.98425 0.983613 0.982799 0.981727 0.980263 0.978149 0.974843 0.967467 0.951156 0.90019 0.0
8.9 21.032 0.984362 0.983741 0.982955 0.981917 0.980475 0.97839 0.975121 0.968522 0.952656 0.903416 0.0
8.95 22.278 0.984472 0.983863 0.98309 0.982079 0.9807 0.978644 0.975415 0.96964 0.954154 0.906745 0.0
9.0 23.598 0.984588 0.983993 0.983233 0.982238 0.980882 0.978914 0.975727 0.970097 0.955613 0.910112 0.0
