0.0 0.0 0.5 0.45 0.4 0.35 0.3 0.25 0.2 0.15 0.1 0.05 0.0
5.5 0.333 0.061127 0.059494 0.05737 0.054635 0.051175 0.046711 0.040831 0.03314 0.023465 0.012337 0.0
5.55 0.353 0.078093 0.076062 0.073403 0.070018 0.065745 0.060235 0.052991 0.043376 0.031035 0.016474 0.0
5.6 0.374 0.095464 0.09303 0.089859 0.085861 0.080778 0.074279 0.065718 0.054216 0.039205 0.021041 0.0
5.65 0.396 0.11324 0.110417 0.106752 0.10212 0.096279 0.088808 0.078976 0.065703 0.047979 0.02606 0.0
5.7 0.42 0.132065 0.128849 0.124674 0.119364 0.112761 0.104319 0.093221 0.078124 0.057654 0.031675 0.0
5.75 0.445 0.153369 0.149697 0.144927 0.138947 0.131426 0.121909 0.109403 0.092328 0.068861 0.038331 0.0
5.8 0.471 0.17716 0.173002 0.167629 0.160835 0.152349 0.141626 0.127608 0.108448 0.081719 0.04605 0.0
5.85 0.499 0.203499 0.198796 0.192701 0.185057 0.17557 0.163558 0.147889 0.126458 0.096261 0.054994 0.0
5.9 0.528 0.233201 0.227902 0.221049 0.212457 0.201734 0.188336 0.170887 0.146991 0.112943 0.065396 0.0
5.95 0.56 0.266331 0.260361 0.25263 0.242952 0.231024 0.215969 0.196534 0.170035 0.131882 0.077405 0.0
6.0 0.593 0.303324 0.29665 0.288043 0.277246 0.263765 0.247055 0.225537 0.195993 0.153476 0.091327 0.0
6.05 0.628 0.344744 0.337282 0.327621 0.31554 0.300662 0.28187 0.257869 0.225293 0.178024 0.107327 0.0
6.1 0.665 0.389485 0.381265 0.370626 0.35717 0.3405 0.319889 0.293274 0.257378 0.204855 0.12539 0.0
6.15 0.704 0.439542 0.430477 0.418717 0.403912 0.385506 0.362478 0.333096 0.293399 0.235476 0.146171 0.0
6.2 0.746 0.492765 0.482896 0.470007 0.453718 0.433502 0.408232 0.376003 0.332409 0.26888 0.169035 0.0
6.25 0.79 0.548309 0.537698 0.523821 0.506177 0.48401 0.456467 0.421042 0.373544 0.304271 0.194036 0.0
6.3 0.837 0.605365 0.594078 0.579236 0.560286 0.536521 0.506421 0.468338 0.416965 0.341655 0.220894 0.0
6.35 0.887 0.658975 0.647207 0.631624 0.611589 0.586229 0.554317 0.513264 0.458242 0.377998 0.247769 0.0
6.4 0.939 0.705256 0.693266 0.677373 0.656689 0.630158 0.596621 0.553478 0.495817 0.4112 0.272815 0.0
6.45 0.995 0.743794 0.731762 0.715704 0.694794 0.667862 0.633105 0.588515 0.528482 0.441032 0.296154 0.0
6.5 1.054 0.772008 0.760177 0.744235 0.723328 0.69632 0.661422 0.615623 0.55431 0.465098 0.316376 0.0
6.55 1.117 0.789702 0.778233 0.762755 0.742225 0.715463 0.680773 0.634992 0.573433 0.483309 0.332556 0.0
6.6 1.183 0.806826 0.795824 0.780937 0.761037 0.734607 0.699985 0.654712 0.592244 0.502002 0.349053 0.0
6.65 1.253 0.823616 0.812991 0.798568 0.779309 0.753736 0.719362 0.673835 0.611475 0.520201 0.365819 0.0
6.7 1.327 0.839981 0.829836 0.815933 0.797314 0.772285 0.738838 0.693209 0.631187 0.539093 0.382955 0.0
6.75 1.406 0.856027 0.846319 0.833072 0.814968 0.790679 0.757812 0.712891 0.650413 0.557985 0.400782 0.0
6.8 1.489 0.871743 0.86248 0.849754 0.832385 0.808758 0.776605 0.732514 0.66969 0.577031 0.418346 0.0
6.85 1.577 0.886963 0.878173 0.866097 0.849536 0.826672 0.795184 0.751567 0.689389 0.59668 0.436388 0.0
6.9 1.671 0.901818 0.893471 0.881935 0.866159 0.844404 0.813663 0.770601 0.709417 0.616204 0.454767 0.0
6.95 1.77 0.91626 0.908371 0.897442 0.882441 0.861478 0.831993 0.789649 0.728666 0.635255 0.472719 0.0
7.0 1.874 0.9304 0.922961 0.912603 0.898303 0.87827 0.849785 0.808625 0.748011 0.654912 0.491462 0.0
7.05 1.986 0.935335 0.928417 0.918769 0.90535 0.886317 0.859195 0.819723 0.760163 0.668794 0.505399 0.0
7.1 2.103 0.939913 0.933493 0.924493 0.911863 0.894024 0.868055 0.829939 0.772236 0.681996 0.519426 0.0
7.15 2.228 0.944127 0.938187 0.929883 0.917998 0.901146 0.876567 0.839878 0.784216 0.69448 0.533931 0.0
7.2 2.36 0.947847 0.942379 0.934692 0.923723 0.907892 0.884538 0.849388 0.795234 0.707032 0.547762 0.0
7.25 2.5 0.951222 0.946115 0.938931 0.928832 0.914192 0.892161 0.858597 0.806016 0.719617 0.560883 0.0
7.3 2.648 0.954182 0.949474 0.942861 0.933522 0.919788 0.89937 0.867356 0.816382 0.732152 0.574611 0.0
7.35 2.805 0.956949 0.9526 0.946498 0.937679 0.925078 0.905856 0.875857 0.826649 0.744104 0.588822 0.0
7.4 2.971 0.959496 0.955446 0.949733 0.94161 0.929703 0.911871 0.883663 0.836378 0.755542 0.601932 0.0
7.45 3.147 0.961777 0.958047 0.952818 0.945265 0.934116 0.917267 0.890645 0.845926 0.76677 0.614433 0.0
7.5 3.333 0.963943 0.960479 0.955566 0.948563 0.938327 0.922438 0.897331 0.855078 0.777934 0.627125 0.0
7.55 3.531 0.965848 0.962656 0.958158 0.951721 0.942034 0.927301 0.903485 0.86323 0.788844 0.640052 0.0
7.6 3.74 0.967714 0.964758 0.960547 0.954513 0.945674 0.931736 0.909272 0.871117 0.799627 0.653161 0.0
7.65 3.962 0.969298 0.966584 0.962773 0.957267 0.948861 0.936024 0.91495 0.878176 0.810269 0.665459 0.0
7.7 4.196 0.970825 0.968308 0.96474 0.95961 0.95209 0.939856 0.91996 0.885103 0.819999 0.67738 0.0
7.75 4.445 0.972238 0.969931 0.966698 0.961878 0.954733 0.943672 0.924917 0.891883 0.828838 0.689253 0.0
7.8 4.708 0.973408 0.97128 0.968304 0.963981 0.957396 0.946939 0.929463 0.898013 0.83727 0.701299 0.0
7.85 4.987 0.974508 0.972515 0.969715 0.965731 0.959797 0.950122 0.933927 0.90418 0.845542 0.71325 0.0
7.9 5.283 0.975361 0.973518 0.970994 0.967384 0.961803 0.953092 0.937783 0.909719 0.853471 0.725321 0.0
7.95 5.596 0.976178 0.974445 0.972056 0.968668 0.963775 0.955578 0.941714 0.915443 0.861169 0.73741 0.0
8.0 5.928 0.97699 0.975357 0.973092 0.969897 0.965205 0.957939 0.945097 0.920235 0.868626 0.748147 0.0
8.05 6.279 0.977671 0.976153 0.974097 0.971119 0.966652 0.959783 0.947988 0.925139 0.875759 0.758003 0.0
8.1 6.651 0.978301 0.976861 0.974891 0.972143 0.968116 0.961548 0.950769 0.929657 0.882881 0.767458 0.0
8.15 7.045 0.978914 0.977556 0.975698 0.973089 0.969267 0.963311 0.952946 0.933452 0.88942 0.776916 0.0
8.2 7.462 0.979551 0.978271 0.9765 0.974008 0.9704 0.964794 0.95513 0.937218 0.895702 0.786289 0.0
8.25 7.905 0.979996 0.978803 0.977217 0.974965 0.971483 0.966161 0.957353 0.940001 0.901923 0.795496 0.0
8.3 8.373 0.980404 0.979261 0.97773 0.97563 0.97263 0.967494 0.959015 0.942835 0.9072 0.804721 0.0
8.35 8.869 0.980812 0.979723 0.97827 0.976241 0.973344 0.968882 0.96074 0.945735 0.912039 0.813694 0.0
8.4 9.395 0.981214 0.980174 0.978774 0.976849 0.974075 0.969851 0.962438 0.948056 0.916178 0.822887 0.0
8.45 9.951 0.98164 0.98065 0.979308 0.977448 0.974788 0.970735 0.964095 0.950336 0.919961 0.831384 0.0
8.5 10.541 0.981932 0.981 0.97978 0.978083 0.975505 0.971617 0.965178 0.952562 0.923798 0.839834 0.0
8.55 11.166 0.982198 0.981297 0.980112 0.978515 0.976265 0.972485 0.966326 0.954916 0.927312 0.848248 0.0
8.6 11.827 0.982481 0.981612 0.980464 0.978908 0.976724 0.973405 0.967414 0.956409 0.930396 0.855302 0.0
8.65 12.528 0.982753 0.98192 0.980826 0.979325 0.977193 0.974031 0.968545 0.957918 0.933526 0.861747 0.0
8.7 13.27 0.983024 0.982223 0.981162 0.979725 0.97769 0.974598 0.969643 0.959404 0.936764 0.867183 0.0
8.75 14.057 0.983312 0.982543 0.981519 0.980123 0.978154 0.975198 0.970339 0.960906 0.939327 0.872362 0.0
8.8 14.889 0.983616 0.982883 0.981897 0.980545 0.978629 0.975773 0.971076 0.962497 0.941429 0.877712 0.0
8.85 15.772 0.983773 0.983082 0.982209 0.980992 0.979131 0.976345 0.971855 0.963471 0.943596 0.882575 0.0
8.9 16.706 0.983882 0.983204 0.982344 0.981221 0.979663 0.97695 0.972557 0.964453 0.945726 0.887066 0.0
8.95 17.696 0.983997 0.983332 0.982487 0.98138 0.979874 0.977591 0.973301 0.965493 0.947983 0.891674 0.0
9.0 18.745 0.98412 0.983469 0.982638 0.981549 0.980063 0.977922 0.974089 0.96647 0.949739 0.896497 0.0
